# IMU Calibration Data
gyro_bias_x: -0.24514292109580266
gyro_bias_y: -0.07314487906540332
gyro_bias_z: -0.03052975652980156
gyro_calibrated: true
accel_offset_x: -0.20509005374315975
accel_offset_y: -0.2163302804673157
accel_offset_z: -0.18772441977504956
accel_matrix: [1.0041624957069784, -0.010088054739517046, 0.010671633325731714, 0.0005583655176772692, 1.0083546754872068, -0.0112313569208699, 0.002620672834801927, 0.004922094995978476, 0.9863459756757237]
accel_calibrated: true
mag_offset_x: 2.641155329835255e-05
mag_offset_y: 1.9918830667135345e-05
mag_offset_z: -2.2789041853867185e-06
mag_matrix: [0.9561609772197961, 0.051956239080200674, 0.01792859836739811, 0.047295789558012266, 1.0171481600514818, -0.027850176798638798, -0.022052499973538413, 0.04709978525852723, 1.02511255024559]
mag_calibrated: true
mag_field_strength: 4.480951121177268e-05
