# IMU Calibration Data
gyro_bias_x: -0.24560314812222306
gyro_bias_y: -0.07406117675863967
gyro_bias_z: -0.02921660378778062
gyro_calibrated: true
accel_offset_x: -0.17591123650714732
accel_offset_y: -0.3312991195810585
accel_offset_z: -0.3658567345406747
accel_matrix: [1.0055299739569619, -0.003052389421673293, -0.01668914249935855, 0.00413214454043424, 1.0165768301521587, -0.0032756806852559752, -0.01751114081180418, 0.0008271137890850024, 0.981040081121572]
accel_calibrated: true
mag_offset_x: 2.6831926278762444e-05
mag_offset_y: 1.943720615373777e-05
mag_offset_z: -2.8897942171665804e-06
mag_matrix: [0.9647109375987438, 0.07085772699339193, -0.11963294458145442, 0.04971627964916947, 0.9894986971873652, 0.250516496004095, 0.06093698995559207, -0.2371325293443677, 0.9775842452602983]
mag_calibrated: true
mag_field_strength: 4.475208520834407e-05
