# IMU Calibration Data
accel_offset_x: -0.003707769269846395
accel_offset_y: -0.01791461663586702
accel_offset_z: 0.03288828095003016
accel_scale_x: 0.9999302717108672
accel_scale_y: 0.9989798429300322
accel_scale_z: 1.0002102192166886
accel_calibrated: true
gyro_bias_x: -0.2537820809201835
gyro_bias_y: -0.0754465638621621
gyro_bias_z: -0.025852465453519397
gyro_calibrated: true
mag_offset_x: 2.5291000383731443e-05
mag_offset_y: 1.966299896594137e-05
mag_offset_z: -1.3230001059127972e-06
mag_scale_x: 0.9507698361901227
mag_scale_y: 1.0255512799106061
mag_scale_z: 1.0276062171726503
mag_calibrated: true
